1234567890
987654321
1
0
100000000000000
66666666666666666666666666666
1092012311
123
12
23
4
1
34
1
12412
3412
34
2
4234234
2
35
2352523523
5
235
235
235
346
346346
346
3
63
634
7
457
34
56
48
45
76
47
8783
57
479
2434
52
48
46
7852
345236367
23
45
13
62
435
25
434
235
235
73
456
34
6
2457
235
247
38356
8
36
7262
2342345
245236256245625
623562457245724724
72457
257624895678345612465789352456513456358
5678341524
38
45612563568723142545132
735
4536521
73546543124643
583
425365
2146
34
546346345
763
47
3
67
3568568478
456
89
58
95
708
578
0
578
05788057857895
895
89
578
95
789589578958056
78
65
3
5634
56
245624563456
24
56
24
4524523451
2345
2
456245
7869748535234424538958
768723412
41254763
4523
23
4254
3673
425365
123
5264
72
1234567890
987654321
1
0
100000000000000
66666666666666666666666666666
1092012311
123
12
23
4
1
34
1
12412
3412
34
2
4234234
2
35
2352523523
5
235
235
235
346
346346
346
3
63
634
7
457
34
56
48
45
76
47
8783
57
479
2434
52
48
46
7852
345236367
23
45
13
62
435
25
434
235
235
73
456
34
6
2457
235
247
38356
8
36
7262
2342345
245236256245625
623562457245724724
72457
257624895678345612465789352456513456358
5678341524
38
45612563568723142545132
735
4536521
73546543124643
583
425365
2146
34
546346345
763
47
3
67
3568568478
456
89
58
95
708
578
0
578
05788057857895
895
89
578
95
789589578958056
78
65
3
5634
56
245624563456
24
56
24
4524523451
2345
2
456245
7869748535234424538958
768723412
41254763
4523
23
4254
3673
425365
123
5264
72
1234567890
987654321
1
0
100000000000000
66666666666666666666666666666
1092012311
123
12
23
4
1
34
1
12412
3412
34
2
4234234
2
35
2352523523
5
235
235
235
346
346346
346
3
63
634
7
457
34
56
48
45
76
47
8783
57
479
2434
52
48
46
7852
345236367
23
45
13
62
435
25
434
235
235
73
456
34
6
2457
235
247
38356
8
36
7262
2342345
245236256245625
623562457245724724
72457
257624895678345612465789352456513456358
5678341524
38
45612563568723142545132
735
4536521
73546543124643
583
425365
2146
34
546346345
763
47
3
67
3568568478
456
89
58
95
708
578
0
578
05788057857895
895
89
578
95
789589578958056
78
65
3
5634
56
245624563456
24
56
24
4524523451
2345
2
456245
7869748535234424538958
768723412
41254763
4523
23
4254
3673
425365
123
5264
72
1234567890
987654321
1
0
100000000000000
66666666666666666666666666666
1092012311
123
12
23
4
1
34
1
12412
3412
34
2
4234234
2
35
2352523523
5
235
235
235
346
346346
346
3
63
634
7
457
34
56
48
45
76
47
8783
57
479
2434
52
48
46
7852
345236367
23
45
13
62
435
25
434
235
235
73
456
34
6
2457
235
247
38356
8
36
7262
2342345
245236256245625
623562457245724724
72457
257624895678345612465789352456513456358
5678341524
38
45612563568723142545132
735
4536521
73546543124643
583
425365
2146
34
546346345
763
47
3
67
3568568478
456
89
58
95
708
578
0
578
05788057857895
895
89
578
95
789589578958056
78
65
3
5634
56
245624563456
24
56
24
4524523451
2345
2
456245
7869748535234424538958
768723412
41254763
4523
23
4254
3673
425365
123
5264
72
1234567890
987654321
1
0
100000000000000
66666666666666666666666666666
1092012311
123
12
23
4
1
34
1
12412
3412
34
2
4234234
2
35
2352523523
5
235
235
235
346
346346
346
3
63
634
7
457
34
56
48
45
76
47
8783
57
479
2434
52
48
46
7852
345236367
23
45
13
62
435
25
434
235
235
73
456
34
6
2457
235
247
38356
8
36
7262
2342345
245236256245625
623562457245724724
72457
257624895678345612465789352456513456358
5678341524
38
45612563568723142545132
735
4536521
73546543124643
583
425365
2146
34
546346345
763
47
3
67
3568568478
456
89
58
95
708
578
0
578
05788057857895
895
89
578
95
789589578958056
78
65
3
5634
56
245624563456
24
56
24
4524523451
2345
2
456245
7869748535234424538958
768723412
41254763
4523
23
4254
3673
425365
123
5264
72
1234567890
987654321
1
0
100000000000000
66666666666666666666666666666
1092012311
123
12
23
4
1
34
1
12412
3412
34
2
4234234
2
35
2352523523
5
235
235
235
346
346346
346
3
63
634
7
457
34
56
48
45
76
47
8783
57
479
2434
52
48
46
7852
345236367
23
45
13
62
435
25
434
235
235
73
456
34
6
2457
235
247
38356
8
36
7262
2342345
245236256245625
623562457245724724
72457
257624895678345612465789352456513456358
5678341524
38
45612563568723142545132
735
4536521
73546543124643
583
425365
2146
34
546346345
763
47
3
67
3568568478
456
89
58
95
708
578
0
578
05788057857895
895
89
578
95
789589578958056
78
65
3
5634
56
245624563456
24
56
24
4524523451
2345
2
456245
7869748535234424538958
768723412
41254763
4523
23
4254
3673
425365
123
5264
72
1234567890
987654321
1
0
100000000000000
66666666666666666666666666666
1092012311
123
12
23
4
1
34
1
12412
3412
34
2
4234234
2
35
2352523523
5
235
235
235
346
346346
346
3
63
634
7
457
34
56
48
45
76
47
8783
57
479
2434
52
48
46
7852
345236367
23
45
13
62
435
25
434
235
235
73
456
34
6
2457
235
247
38356
8
36
7262
2342345
245236256245625
623562457245724724
72457
257624895678345612465789352456513456358
5678341524
38
45612563568723142545132
735
4536521
73546543124643
583
425365
2146
34
546346345
763
47
3
67
3568568478
456
89
58
95
708
578
0
578
05788057857895
895
89
578
95
789589578958056
78
65
3
5634
56
245624563456
24
56
24
4524523451
2345
2
456245
7869748535234424538958
768723412
41254763
4523
23
4254
3673
425365
123
5264
72
1234567890
987654321
1
0
100000000000000
66666666666666666666666666666
1092012311
123
12
23
4
1
34
1
12412
3412
34
2
4234234
2
35
2352523523
5
235
235
235
346
346346
346
3
63
634
7
457
34
56
48
45
76
47
8783
57
479
2434
52
48
46
7852
345236367
23
45
13
62
435
25
434
235
235
73
456
34
6
2457
235
247
38356
8
36
7262
2342345
245236256245625
623562457245724724
72457
257624895678345612465789352456513456358
5678341524
38
45612563568723142545132
735
4536521
73546543124643
583
425365
2146
34
546346345
763
47
3
67
3568568478
456
89
58
95
708
578
0
578
05788057857895
895
89
578
95
789589578958056
78
65
3
5634
56
245624563456
24
56
24
4524523451
2345
2
456245
7869748535234424538958
768723412
41254763
4523
23
4254
3673
425365
123
5264
72
